
Poisson Log-link GLM Results
===================================================================================================================================================
                                                                         Dependent variable:                                                       
                  ---------------------------------------------------------------------------------------------------------------------------------
                                                                            Participation                                                          
                   Model 2011   Model 2012    Model 2013    Model 2014     Model 2015     Model 2016     Model 2017     Model 2018     Model 2019  
                      (1)           (2)           (3)           (4)           (5)            (6)            (7)            (8)            (9)      
---------------------------------------------------------------------------------------------------------------------------------------------------
IMD Score            0.949         0.954         0.962         0.964         0.964          0.965          0.966          0.966          0.966     
                    (1.000)       (1.000)       (1.000)       (1.000)       (1.000)        (1.000)        (1.000)        (1.000)        (1.000)    
                                                                                                                                                   
Ethnic-Density       0.996         0.994         0.989         0.986         0.985          0.985          0.985          0.985          0.986     
                    (1.000)       (1.000)       (1.000)       (1.000)       (1.000)        (1.000)        (1.000)        (1.000)        (1.000)    
                                                                                                                                                   
Pop Density          1.000         1.000         1.000         1.000         1.000          1.000          1.000          1.000          1.000     
                    (1.000)       (1.000)       (1.000)       (1.000)       (1.000)        (1.000)        (1.000)        (1.000)        (1.000)    
                                                                                                                                                   
Distance(km)         0.869         0.873         0.882         0.892         0.896          0.905          0.910          0.909          0.922     
                    (1.001)       (1.001)       (1.000)       (1.000)       (1.000)        (1.000)        (1.000)        (1.000)        (1.000)    
                                                                                                                                                   
Non-working-age      0.703         0.668         0.670         0.681         0.742          0.826          0.917          0.891          0.839     
                    (1.029)       (1.020)       (1.014)       (1.011)       (1.009)        (1.008)        (1.007)        (1.007)        (1.006)    
                                                                                                                                                   
Constant             0.025         0.047         0.094         0.147         0.200          0.246          0.283          0.327          0.387     
                    (1.014)       (1.010)       (1.007)       (1.005)       (1.005)        (1.004)        (1.004)        (1.003)        (1.003)    
                                                                                                                                                   
---------------------------------------------------------------------------------------------------------------------------------------------------
Observations         32,844       32,844        32,844        32,844         32,844         32,844         32,844         32,844         32,844    
Log Likelihood    -367,510.300 -542,247.400  -789,882.100  -996,107.300  -1,062,087.000 -1,181,134.000 -1,253,316.000 -1,269,664.000 -1,432,760.000
Akaike Inf. Crit. 735,032.700  1,084,507.000 1,579,776.000 1,992,227.000 2,124,186.000  2,362,279.000  2,506,643.000  2,539,339.000  2,865,533.000 
===================================================================================================================================================
Note:                                                                                                                   *p<0.1; **p<0.05; ***p<0.01
