
Poisson Log-link GLM Results
====================================================================================================================
                                                         Dependent variable:                                        
                  --------------------------------------------------------------------------------------------------
                                                            Participation                                           
                  Model 2011 Model 2012 Model 2013 Model 2014 Model 2015 Model 2016 Model 2017 Model 2018 Model 2019
                     (1)        (2)        (3)        (4)        (5)        (6)        (7)        (8)        (9)    
--------------------------------------------------------------------------------------------------------------------
IMD Score           0.949      0.955      0.962      0.964      0.964      0.966      0.967      0.967      0.966   
                   (1.002)    (1.001)    (1.001)    (1.001)    (1.001)    (1.000)    (1.000)    (1.000)    (1.000)  
                                                                                                                    
Ethnic-Density      0.994      0.992      0.987      0.984      0.983      0.983      0.983      0.983      0.984   
                   (1.002)    (1.001)    (1.001)    (1.001)    (1.001)    (1.000)    (1.000)    (1.000)    (1.000)  
                                                                                                                    
Pop Density         1.000      1.000      1.000      1.000      1.000      1.000      1.000      1.000      1.000   
                   (1.000)    (1.000)    (1.000)    (1.000)    (1.000)    (1.000)    (1.000)    (1.000)    (1.000)  
                                                                                                                    
Distance(km)        0.865      0.868      0.877      0.889      0.893      0.901      0.906      0.905      0.918   
                   (1.007)    (1.005)    (1.003)    (1.003)    (1.002)    (1.002)    (1.002)    (1.001)    (1.001)  
                                                                                                                    
Non-working-age     1.204      1.156      1.223      1.266      1.385      1.577      1.787*     1.749      1.667   
                   (1.309)    (1.208)    (1.139)    (1.109)    (1.093)    (1.080)    (1.071)    (1.066)    (1.060)  
                                                                                                                    
Constant            0.0002     0.0005     0.001      0.001      0.002      0.002      0.003      0.003      0.003   
                   (1.144)    (1.099)    (1.067)    (1.053)    (1.045)    (1.039)    (1.035)    (1.033)    (1.029)  
                                                                                                                    
--------------------------------------------------------------------------------------------------------------------
Observations        32,844     32,844     32,844     32,844     32,844     32,844     32,844     32,844     32,844  
Log Likelihood     -Inf.000   -Inf.000   -Inf.000   -Inf.000   -Inf.000   -Inf.000   -Inf.000   -Inf.000   -Inf.000 
Akaike Inf. Crit.  Inf.000    Inf.000    Inf.000    Inf.000    Inf.000    Inf.000    Inf.000    Inf.000    Inf.000  
====================================================================================================================
Note:                                                                                    *p<0.1; **p<0.05; ***p<0.01
